eiw22222222222222222222222
22222222222222222222222
22222222222222222222222
22222222222222222222222
22222222222222222222222
22222222222222222222222
22222222222222222222222
22222222222222222222222
22222222222222222222222
22222222222222222222222
22222222222222222222222
22222222222222222222222
22222222222222222222222
22222222222222222222222
22222222222222222222222
22222222222222222222222
45645645645645646422222222222222222222222
22222222222222222222222
22222222222222222222222
22222222222222222222222
22222222222222222222222
master2222222222222222222222iiiiiiiiii2
master21313132123123

